100 10
the 0.1 0.2 0.3 0.4 0.5 0.6 0.7 0.8 0.9 1.0
a 0.2 0.3 0.4 0.5 0.6 0.7 0.8 0.9 1.0 0.1
is 0.3 0.4 0.5 0.6 0.7 0.8 0.9 1.0 0.1 0.2
of 0.4 0.5 0.6 0.7 0.8 0.9 1.0 0.1 0.2 0.3
to 0.5 0.6 0.7 0.8 0.9 1.0 0.1 0.2 0.3 0.4
and 0.6 0.7 0.8 0.9 1.0 0.1 0.2 0.3 0.4 0.5
in 0.7 0.8 0.9 1.0 0.1 0.2 0.3 0.4 0.5 0.6
for 0.8 0.9 1.0 0.1 0.2 0.3 0.4 0.5 0.6 0.7
with 0.9 1.0 0.1 0.2 0.3 0.4 0.5 0.6 0.7 0.8
on 1.0 0.1 0.2 0.3 0.4 0.5 0.6 0.7 0.8 0.9
it 0.1 0.3 0.5 0.7 0.9 0.2 0.4 0.6 0.8 1.0
as 0.2 0.4 0.6 0.8 1.0 0.1 0.3 0.5 0.7 0.9
at 0.3 0.5 0.7 0.9 0.1 0.2 0.4 0.6 0.8 1.0
be 0.4 0.6 0.8 1.0 0.2 0.3 0.5 0.7 0.9 0.1
by 0.5 0.7 0.9 0.1 0.3 0.4 0.6 0.8 1.0 0.2
this 0.6 0.8 1.0 0.2 0.4 0.5 0.7 0.9 0.1 0.3
that 0.7 0.9 0.1 0.3 0.5 0.6 0.8 1.0 0.2 0.4
from 0.8 1.0 0.2 0.4 0.6 0.7 0.9 0.1 0.3 0.5
or 0.9 0.1 0.3 0.5 0.7 0.8 1.0 0.2 0.4 0.6
an 1.0 0.2 0.4 0.6 0.8 0.9 0.1 0.3 0.5 0.7
not 0.1 0.4 0.7 1.0 0.3 0.6 0.9 0.2 0.5 0.8
are 0.2 0.5 0.8 0.1 0.4 0.7 1.0 0.3 0.6 0.9
was 0.3 0.6 0.9 0.2 0.5 0.8 0.1 0.4 0.7 1.0
were 0.4 0.7 1.0 0.3 0.6 0.9 0.2 0.5 0.8 0.1
we 0.5 0.8 0.1 0.4 0.7 1.0 0.3 0.6 0.9 0.2
you 0.6 0.9 0.2 0.5 0.8 0.1 0.4 0.7 1.0 0.3
they 0.7 1.0 0.3 0.6 0.9 0.2 0.5 0.8 0.1 0.4
their 0.8 0.1 0.4 0.7 1.0 0.3 0.6 0.9 0.2 0.5
she 0.9 0.2 0.5 0.8 0.1 0.4 0.7 1.0 0.3 0.6
he 1.0 0.3 0.6 0.9 0.2 0.5 0.8 0.1 0.4 0.7
his 0.1 0.5 0.9 0.3 0.7 0.1 0.5 0.9 0.3 0.7
her 0.2 0.6 1.0 0.4 0.8 0.2 0.6 1.0 0.4 0.8
have 0.3 0.7 0.1 0.5 0.9 0.3 0.7 0.1 0.5 0.9
has 0.4 0.8 0.2 0.6 1.0 0.4 0.8 0.2 0.6 1.0
had 0.5 0.9 0.3 0.7 0.1 0.5 0.9 0.3 0.7 0.1
will 0.6 1.0 0.4 0.8 0.2 0.6 1.0 0.4 0.8 0.2
would 0.7 0.1 0.5 0.9 0.3 0.7 0.1 0.5 0.9 0.3
can 0.8 0.2 0.6 1.0 0.4 0.8 0.2 0.6 1.0 0.4
could 0.9 0.3 0.7 0.1 0.5 0.9 0.3 0.7 0.1 0.5
should 1.0 0.4 0.8 0.2 0.6 1.0 0.4 0.8 0.2 0.6
may 0.1 0.6 0.1 0.6 0.1 0.6 0.1 0.6 0.1 0.6
might 0.2 0.7 0.2 0.7 0.2 0.7 0.2 0.7 0.2 0.7
must 0.3 0.8 0.3 0.8 0.3 0.8 0.3 0.8 0.3 0.8
shall 0.4 0.9 0.4 0.9 0.4 0.9 0.4 0.9 0.4 0.9
should 0.5 1.0 0.5 1.0 0.5 1.0 0.5 1.0 0.5 1.0
我 0.1 0.2 0.3 0.4 0.5 0.6 0.7 0.8 0.9 1.0
你 0.2 0.3 0.4 0.5 0.6 0.7 0.8 0.9 1.0 0.1
他 0.3 0.4 0.5 0.6 0.7 0.8 0.9 1.0 0.1 0.2
她 0.4 0.5 0.6 0.7 0.8 0.9 1.0 0.1 0.2 0.3
它 0.5 0.6 0.7 0.8 0.9 1.0 0.1 0.2 0.3 0.4
们 0.6 0.7 0.8 0.9 1.0 0.1 0.2 0.3 0.4 0.5
的 0.7 0.8 0.9 1.0 0.1 0.2 0.3 0.4 0.5 0.6
了 0.8 0.9 1.0 0.1 0.2 0.3 0.4 0.5 0.6 0.7
是 0.9 1.0 0.1 0.2 0.3 0.4 0.5 0.6 0.7 0.8
在 1.0 0.1 0.2 0.3 0.4 0.5 0.6 0.7 0.8 0.9
有 0.1 0.3 0.5 0.7 0.9 0.2 0.4 0.6 0.8 1.0
和 0.2 0.4 0.6 0.8 1.0 0.1 0.3 0.5 0.7 0.9
与 0.3 0.5 0.7 0.9 0.1 0.2 0.4 0.6 0.8 1.0
这 0.4 0.6 0.8 1.0 0.2 0.3 0.5 0.7 0.9 0.1
那 0.5 0.7 0.9 0.1 0.3 0.4 0.6 0.8 1.0 0.2
个 0.6 0.8 1.0 0.2 0.4 0.5 0.7 0.9 0.1 0.3
人 0.7 0.9 0.1 0.3 0.5 0.6 0.8 1.0 0.2 0.4
会 0.8 1.0 0.2 0.4 0.6 0.7 0.9 0.1 0.3 0.5
对 0.9 0.1 0.3 0.5 0.7 0.8 1.0 0.2 0.4 0.6
说 1.0 0.2 0.4 0.6 0.8 0.9 0.1 0.3 0.5 0.7
要 0.1 0.4 0.7 1.0 0.3 0.6 0.9 0.2 0.5 0.8
能 0.2 0.5 0.8 0.1 0.4 0.7 1.0 0.3 0.6 0.9
可以 0.3 0.6 0.9 0.2 0.5 0.8 0.1 0.4 0.7 1.0
不 0.4 0.7 1.0 0.3 0.6 0.9 0.2 0.5 0.8 0.1
没有 0.5 0.8 0.1 0.4 0.7 1.0 0.3 0.6 0.9 0.2
很 0.6 0.9 0.2 0.5 0.8 0.1 0.4 0.7 1.0 0.3
好 0.7 1.0 0.3 0.6 0.9 0.2 0.5 0.8 0.1 0.4
大 0.8 0.1 0.4 0.7 1.0 0.3 0.6 0.9 0.2 0.5
小 0.9 0.2 0.5 0.8 0.1 0.4 0.7 1.0 0.3 0.6
多 1.0 0.3 0.6 0.9 0.2 0.5 0.8 0.1 0.4 0.7
少 0.1 0.5 0.9 0.3 0.7 0.1 0.5 0.9 0.3 0.7
来 0.2 0.6 1.0 0.4 0.8 0.2 0.6 1.0 0.4 0.8
去 0.3 0.7 0.1 0.5 0.9 0.3 0.7 0.1 0.5 0.9
做 0.4 0.8 0.2 0.6 1.0 0.4 0.8 0.2 0.6 1.0
看 0.5 0.9 0.3 0.7 0.1 0.5 0.9 0.3 0.7 0.1
想 0.6 1.0 0.4 0.8 0.2 0.6 1.0 0.4 0.8 0.2
知道 0.7 0.1 0.5 0.9 0.3 0.7 0.1 0.5 0.9 0.3
时间 0.8 0.2 0.6 1.0 0.4 0.8 0.2 0.6 1.0 0.4
地方 0.9 0.3 0.7 0.1 0.5 0.9 0.3 0.7 0.1 0.5
问题 1.0 0.4 0.8 0.2 0.6 1.0 0.4 0.8 0.2 0.6
工作 0.1 0.6 0.1 0.6 0.1 0.6 0.1 0.6 0.1 0.6
学习 0.2 0.7 0.2 0.7 0.2 0.7 0.2 0.7 0.2 0.7
生活 0.3 0.8 0.3 0.8 0.3 0.8 0.3 0.8 0.3 0.8
文档 0.4 0.9 0.4 0.9 0.4 0.9 0.4 0.9 0.4 0.9
上传 0.5 1.0 0.5 1.0 0.5 1.0 0.5 1.0 0.5 1.0
